-125.2232597  
-94.71625392  
-93.28534289  
-63.31313743  
-7.363926402  
-78.84467627  
-84.72957966  
-49.94475843  
224.1074802  
39.49896124  
72.83976973  
37.63513311  
178.0178319  
57.21525727  
25.28324978  
-73.93848514  
-37.90623589  
-39.49114356  
74.66945925  
22.81388761  
-76.64685254  
16.50391852  
12.26581178  
-64.49149227  
23.72633889  
-103.8995812  
-34.98836023  
6.085832461  
25.56617207  
-63.29307  
46.9401876  
55.92386678  
54.64845996  
56.74495453  
-90.92803828  
-59.01248398  
109.1773376  
85.30294865  
-152.6342246  
55.40110539  
89.5283409  
122.4337475  
-9.70525346  
-50.57204028  
-223.6557634  
-36.44219086  
76.81674505  
107.8876365  
