-69.40970869  
-49.24695644  
-59.45741554  
192.564439  
-43.4173232  
34.57724552  
-209.9373426  
-14.6903148  
-209.6423716  
10.20691975  
20.61432818  
-36.36404877  
54.51147307  
-101.5214528  
-4.820514827  
-113.4409051  
113.7220093  
-108.4825836  
87.57588398  
29.66278303  
-10.57278672  
74.03746153  
52.50590382  
-51.66159448  
-26.57890839  
116.9612215  
-24.01690074  
-30.80232118  
118.0001813  
-8.323433564  
-23.11502648  
-70.61883785  
-67.14813773  
93.27227833  
91.25217469  
-222.8891945  
129.5771474  
-57.24591349  
39.45796075  
11.83942058  
-26.06193728  
105.2004226  
265.6160981  
69.23712799  
185.6800852  
-150.2461107  
42.513435  
-44.15333954  
