96.03500571  
1.975387052  
-1.909252326  
-125.4383066  
26.15344678  
74.7203306  
-105.7923895  
-24.83320926  
39.43820519  
18.95223787  
-12.06362302  
-8.094444423  
66.94532889  
29.56606666  
-1.812543319  
24.81658584  
-70.69346092  
66.14714153  
98.9522123  
-14.89338591  
39.83931983  
-16.35278052  
13.15050981  
-24.01763261  
-17.26646999  
-88.6602638  
-20.92620904  
1.012225856  
-82.18728652  
-80.10775997  
19.69324234  
-12.45437546  
-48.35046342  
12.61593407  
-1.000887303  
-113.8221061  
-138.8627664  
-29.70587101  
-28.79045754  
8.703984549  
6.088261581  
-43.21526264  
14.26044961  
-11.16863178  
-4.656868264  
-27.45015579  
-41.40666497  
6.472025995  
