-170.3421375  
-164.4517277  
-14.22114958  
-0.4308544442  
-11.7791052  
-157.4521273  
-365.3370374  
-211.9912347  
-111.8164096  
-32.31079852  
63.03044037  
40.26893391  
240.5145624  
37.46333624  
129.100174  
99.38850597  
198.5840846  
24.25498596  
-194.3321465  
-112.9790891  
98.18843195  
91.54651269  
18.82047386  
83.89895068  
14.42789789  
-90.60946994  
132.6571193  
-95.66503843  
-140.4642337  
205.277183  
272.7148132  
49.89845566  
-35.22886156  
100.945991  
-13.40556201  
-242.054307  
427.7814643  
-47.24637535  
62.94712533  
140.9258282  
168.0587389  
-372.0023792  
361.2156379  
-200.0982482  
-383.7075876  
-12.46598027  
-116.2673965  
119.9741401  
