53.39383888  
-62.79965733  
39.17348047  
-82.80063566  
3.588076238  
-96.74649482  
-69.80085823  
-31.28864546  
145.088975  
-20.31231361  
20.22427916  
15.89350708  
89.28414413  
2.006684939  
73.95046482  
15.17447855  
-51.18450445  
58.070216  
63.82451411  
26.26156025  
21.91771872  
23.83804509  
42.15970497  
-110.3559873  
13.37208521  
-80.1264156  
17.71703519  
-44.43475003  
-19.67174647  
-133.0450388  
41.25598228  
25.72604079  
17.72698304  
78.28125307  
-122.057844  
30.3520374  
144.6810737  
225.1943204  
-44.94769982  
44.60071392  
55.79850064  
44.57571482  
-9.468609775  
21.84942471  
-19.14935029  
59.44171989  
-21.38883612  
27.55586059  
