-37.41861943  
18.86402545  
-125.8907755  
58.65636733  
12.09307456  
101.3856316  
-35.08490944  
-178.4068463  
200.0926291  
-127.8609956  
66.6283985  
63.94940995  
84.70106343  
43.02151031  
-15.99351593  
-114.3003149  
76.98684051  
35.78540212  
21.37662058  
102.3115315  
134.6835693  
-77.33940931  
611.9651814  
-118.7321874  
-240.6641087  
-2.388716766  
227.9502468  
11.73039099  
13.09875039  
-131.5559302  
57.99204706  
-177.8219401  
70.43559454  
19.21367656  
-17.52801966  
119.0958653  
70.87713557  
-95.72195846  
289.0792323  
-73.57459394  
110.5119298  
-7.840943314  
101.4303513  
-143.8326916  
134.3986178  
102.5122458  
-79.61584687  
-13.29317558  
