-63.90909198  
-159.3949305  
-1.153712785  
6.145211591  
22.80239666  
250.9250942  
96.83699417  
-20.57589932  
400.7997954  
22.55566314  
-96.74511683  
140.7153798  
-120.0995077  
10.13255441  
142.1343469  
-38.86179758  
-197.0275105  
-38.14385958  
4.511260805  
81.48601323  
2.941976618  
7.651172656  
149.9249363  
110.1752158  
-7.94556223  
-109.1851678  
213.7975419  
-91.74605472  
50.88665462  
163.7258925  
188.3126551  
-107.314588  
349.7472783  
90.49424359  
-240.4020893  
103.0484158  
411.661902  
-6.161988294  
38.73907414  
256.378868  
443.6492212  
-180.6770615  
308.1761642  
-102.4313476  
53.78545028  
-156.0493685  
-30.61302088  
39.85441207  
