-19.01003386  
22.94685595  
21.59972076  
-6.740361952  
16.33720329  
8.931585174  
-19.33260105  
-1.081108281  
-80.25193776  
-33.29801211  
-10.3057759  
-0.008919749941  
31.75842144  
10.29477159  
24.78004481  
-32.0009672  
-33.74877618  
51.56371626  
-48.53035244  
-10.72712644  
-0.7129010899  
38.90698468  
-43.15292029  
-20.58086346  
-51.43305895  
17.38471669  
-30.2840884  
18.26443706  
6.67472614  
20.77283245  
22.89983167  
-77.65262506  
-1.708323147  
4.859528522  
38.33676597  
-60.88560653  
131.7823389  
-73.08757611  
-14.54727933  
-24.94863955  
-14.23777481  
13.82596662  
-149.2168915  
35.01781743  
209.1403388  
-60.40063693  
16.82029355  
5.235415317  
