-6.950262048  
-43.13134616  
-47.10426059  
29.91702756  
11.48919084  
-26.72005915  
-164.6246136  
-17.2239811  
5.351419263  
-14.37364782  
35.32407354  
-20.30250746  
153.4042368  
77.46434908  
28.69887334  
17.01068337  
-40.13133383  
7.255274313  
24.50782318  
21.31811581  
20.35221457  
92.95984395  
66.91212898  
5.495709894  
39.16160273  
28.00530142  
-23.48665545  
56.8391916  
63.19995768  
-29.46670612  
20.80917385  
38.76019511  
69.28354684  
-5.902509495  
8.975714684  
-22.88342736  
74.75049308  
83.97679068  
-50.49807849  
20.59443525  
75.79656323  
43.09534885  
184.1659164  
33.95671766  
133.6079923  
-24.11417412  
3.191868623  
-16.67166212  
