166.9380083  
-99.45191477  
79.5870202  
-78.0556173  
61.16418279  
127.0255025  
-77.30736143  
-90.29822375  
-227.0409569  
-14.49416521  
-57.78312545  
35.12674635  
38.10716781  
124.5926555  
50.97594673  
3.149357548  
-46.50539833  
-65.89670678  
-8.20656391  
-75.56461829  
60.74743404  
7.824193495  
119.3008034  
-26.57899708  
-200.6523043  
-16.55419951  
-121.2274573  
-48.12770746  
62.77681803  
86.6917636  
-33.5595175  
8.803764418  
1.580908837  
26.83586237  
24.09813461  
153.7650919  
-386.1843267  
133.5846537  
1.264026289  
198.006483  
-3.508024013  
-262.2331328  
-2.582797298  
-117.2245224  
-78.57507458  
-142.4902381  
-143.7712095  
33.70172288  
