-159.693534  
-38.8283011  
-0.9393714711  
-156.9275168  
42.47599725  
-119.8879459  
-101.9967822  
13.44588796  
100.2272008  
-69.96542789  
0.8014051296  
-65.45589878  
43.02580614  
-41.95788377  
76.02791196  
10.15444205  
-118.0904365  
-167.9922385  
1.599101676  
26.11598765  
19.8709086  
-91.80552299  
-82.90946842  
9.735845533  
-92.80256084  
5.027012284  
-65.65906085  
15.43264686  
15.55942982  
-53.54250606  
12.02901358  
-174.6021129  
-81.85319235  
31.65749509  
-54.67504792  
-371.7656728  
-43.46658671  
151.3371132  
103.81492  
2.849152792  
1.318141221  
-66.00950427  
148.7849275  
69.75552636  
312.4564442  
38.15299909  
-69.45808017  
-35.43492606  
