12.47675579  
3.19473862  
-63.29155287  
38.98120476  
23.75417935  
-85.77757704  
54.20756091  
27.79763891  
-46.43813862  
43.24161879  
14.38151173  
20.42931013  
65.19092489  
71.29788301  
27.04013836  
-12.41056863  
22.8614689  
87.95010685  
4.008815229  
30.06346272  
-16.73915838  
117.2120444  
-6.486470682  
-27.1632221  
-107.406787  
5.448454596  
31.72531362  
-71.22778468  
-11.46019408  
-72.52991575  
56.11805425  
111.2620145  
66.60597579  
34.99499721  
-19.7463312  
20.71183994  
-403.7277212  
14.23545231  
-87.92468641  
-14.34895433  
-9.332266036  
24.39598472  
144.3420662  
-8.849582581  
198.9846509  
16.95963303  
-32.89442386  
0.6521984928  
