-84.843625  
24.00338172  
-8.103778545  
-2.769311491  
-63.07342975  
150.3011653  
-157.813774  
-224.1746392  
93.4202264  
-109.4774696  
127.351826  
7.339929779  
34.02824561  
-7.28185118  
-8.437057795  
-50.00897787  
-0.6322607881  
21.86082862  
145.6576186  
5.728674332  
-4.978700507  
-23.67182639  
-207.2917544  
60.39597155  
-338.072314  
-80.64493727  
170.51926  
-83.99693499  
0.8326785933  
168.4142957  
126.9410825  
-130.8894506  
52.63554155  
92.93234636  
-33.59559847  
-118.6618611  
-198.1703495  
218.5108491  
-212.4146487  
50.71948423  
252.8501979  
40.50554854  
-187.9244286  
-10.20112221  
117.2689823  
44.87197977  
-215.0590349  
56.11156304  
