-191.8139267  
-130.7989201  
146.7309918  
62.36465235  
71.18985562  
-10.76749263  
-108.0743793  
58.17113003  
192.2069702  
31.90690079  
134.5425647  
32.75403245  
152.5207188  
158.3526787  
110.3773567  
-12.481341  
-157.2697055  
2.811748028  
1.474409779  
18.99902905  
-136.5621932  
-93.83199395  
174.5194701  
208.8194351  
323.8618695  
-37.3729276  
164.3917355  
-79.65061065  
-256.5724643  
113.0832798  
179.2721298  
233.2185706  
-65.8124259  
-192.8118838  
-227.926356  
-398.1219599  
-137.6172471  
-282.2050633  
113.5131914  
197.5666433  
62.89097187  
-155.850206  
889.6351068  
-26.28627922  
391.8617379  
-296.2204179  
174.3139439  
99.81142772  
