39.5071249  
-92.5984282  
8.223100923  
44.14743329  
-26.13633007  
34.71517387  
-153.3426269  
-27.79932659  
-6.237434387  
-57.48685911  
-43.65577746  
-18.06773045  
91.32968432  
-34.57379409  
-49.77767493  
-61.46051609  
58.22658918  
5.577756777  
65.4496158  
50.68411904  
-11.39960832  
69.52290627  
-156.5381237  
-70.44766913  
66.91695326  
98.5223088  
25.62901862  
56.77695038  
140.7689752  
67.15930322  
-28.2890011  
-42.4507711  
-42.37425983  
29.32136284  
173.2598491  
-218.1108895  
89.00166241  
-144.7318982  
98.85691667  
17.7943136  
-8.521077155  
92.26151968  
-71.75739195  
112.7827111  
62.66746457  
-112.4023534  
-254.5408168  
16.35987882  
