-203.2589129  
-40.58496867  
100.8118178  
-2.905187254  
-68.05059921  
390.7660924  
-115.9947247  
-169.6727799  
311.7322949  
-0.9304167783  
274.3265737  
25.03939354  
134.7285618  
401.1205557  
49.33923309  
41.40759221  
-10.77058745  
-8.685879089  
60.25804223  
140.4836007  
9.156114437  
-40.82624785  
-67.54510567  
-78.9829712  
208.8305347  
-114.1392897  
39.10768716  
108.6261109  
38.42424785  
-1.533209196  
1.523844386  
135.4286103  
179.8328389  
224.6365459  
-158.3471263  
-216.0960575  
191.8710612  
-16.16859093  
-75.34309331  
32.18699993  
-102.8477275  
-122.5950425  
325.4236723  
-167.0021646  
-267.1802863  
314.6900527  
-96.70089383  
-1.483802875  
