-143.4427894  
-154.5369775  
154.7659105  
-213.3381672  
-84.06511034  
-301.0866013  
-16.01941045  
-121.8207951  
75.27779939  
107.4090206  
140.1589064  
-122.9966399  
124.4579065  
-1.490786023  
51.52914584  
-164.3299996  
34.53538393  
-24.7956596  
26.07511594  
6.243332792  
-36.41363003  
-120.7867105  
205.3424392  
155.0800262  
-180.3346473  
56.8261903  
138.9843241  
-42.35439584  
-281.9920318  
-23.47724067  
-33.60665332  
-182.9886731  
-44.05406282  
19.06025934  
74.60445653  
70.61834983  
971.3119936  
128.502829  
280.293821  
100.3760326  
10.92448484  
24.05796097  
541.4007175  
-89.38387843  
-246.2031841  
-125.7174017  
-133.8771214  
68.70238005  
