-56.79967749  
65.573224  
6.685158082  
87.53211636  
-58.70604648  
132.1677041  
-148.8197901  
52.79339738  
-152.9961282  
16.06716867  
-114.2798568  
-112.9339072  
-28.97340483  
123.9086466  
12.37244776  
-28.31203006  
-16.56175332  
249.216584  
-54.05718402  
-0.2399784852  
-72.04635487  
62.6853661  
-132.3805263  
39.9865788  
52.66588726  
-171.2360496  
32.57500188  
-13.41377503  
120.9864653  
5.351216645  
-4.907115471  
-156.5283116  
-38.53562094  
-26.46382629  
-58.59185538  
-318.6115499  
229.3473583  
-252.2685438  
-122.4547079  
-27.00591292  
8.701266425  
-55.91244357  
57.53724852  
87.7429252  
411.7789853  
3.802556288  
-106.5785851  
-9.484862936  
