180.8898205  
-50.37151856  
-83.32364436  
-56.21714207  
111.6653307  
-149.8914293  
235.5163682  
-8.808125805  
-24.51616659  
32.61646033  
216.3485856  
175.5062418  
-45.30404365  
25.28319045  
-34.63709477  
63.0058922  
46.27462152  
220.5751854  
-12.4959701  
21.50403422  
95.80409169  
-65.09234438  
-1.264742596  
6.714807864  
-15.04355787  
71.88067643  
-54.04539518  
32.85939919  
21.42766152  
-7.598064948  
-46.78375154  
-58.97705953  
-38.13668878  
4.940206113  
86.83573907  
367.5895295  
-264.8628837  
-145.014511  
34.57311097  
98.0221014  
24.15701547  
72.69086502  
324.8136162  
-6.931809498  
133.3934856  
-53.90774585  
-72.24235674  
1.570966155  
