22.3476865  
88.24124082  
36.73845517  
71.00381171  
74.07070377  
37.39494684  
-40.98075049  
6.316466319  
-71.61356348  
17.15019901  
-81.59262631  
-55.48610317  
23.92277857  
-17.7211006  
10.58554761  
-17.54314391  
-78.00408715  
74.64282359  
-85.20600052  
-66.10419709  
12.05931368  
21.61880717  
29.37672391  
-84.9616119  
-17.63676443  
57.78322746  
31.66542148  
16.93548575  
25.5509281  
131.1854626  
-4.525165524  
-1.449274473  
-112.5541686  
105.3469067  
92.48983091  
-238.9550316  
-134.055916  
-222.3414516  
66.68448805  
-74.45609027  
-59.41118715  
-29.78347951  
-19.77558478  
-163.1132937  
253.5429022  
-162.6827031  
100.7451578  
4.004987942  
