-22.70925913  
34.05157618  
-16.37124975  
40.7150277  
22.51656596  
23.97183025  
-34.00884766  
-8.854937947  
-88.30853608  
-16.72560906  
9.531812251  
-8.901176759  
-19.23373441  
-27.44603678  
-37.20066657  
-42.03873839  
-124.9029569  
-34.09460897  
11.80937769  
17.27365628  
-7.826499456  
29.07966124  
-25.22268304  
-12.22705696  
39.55072035  
-52.6687306  
-18.52530573  
17.65510646  
-48.63609205  
7.784278831  
-17.7291019  
-48.08335985  
-9.874072969  
-14.40950227  
42.8343777  
-149.9198878  
95.51382936  
-87.7338221  
-2.810901951  
6.241808733  
1.082105486  
48.20254694  
12.7330082  
4.39888915  
39.79394725  
-16.21484805  
12.50106228  
8.197814804  
