-81.81263157  
34.19444465  
-69.28413474  
66.82421648  
-10.79734412  
39.29733506  
-22.26797167  
-11.86890218  
-22.61146116  
-59.31410617  
-95.78343197  
-19.95128122  
10.60519535  
0.3770836762  
-47.172625  
-86.8450136  
-36.67798876  
28.35817359  
5.369974295  
-3.220129979  
26.86223061  
115.5229165  
-48.20240563  
27.26549278  
78.65442748  
-44.76344797  
-118.652411  
-128.6872843  
48.18564542  
27.03091704  
10.32597646  
-42.88966142  
-22.62794614  
32.36583118  
149.1744439  
-333.8950283  
245.8689295  
-113.6647442  
36.61612113  
-32.3023043  
-55.16897439  
-26.38974022  
-143.0434911  
-11.99054006  
84.80388667  
-56.9587534  
-110.5593781  
-13.79071808  
