75.9197885  
-191.364295  
-68.64677924  
-251.4362827  
95.48328194  
285.2078866  
-18.16537278  
-79.66963005  
10.70320101  
1.00307975  
-109.7705724  
-63.48007431  
-22.78022997  
139.326943  
-35.60712662  
60.03858875  
-95.23987021  
95.22016017  
-179.5559276  
-41.41873542  
47.15791277  
-52.72230629  
22.32704679  
34.43557663  
-37.81181839  
-72.55922623  
75.75722571  
33.8145694  
18.17573583  
-110.8869185  
-30.63892228  
-57.56726519  
-33.91747741  
-20.03992725  
76.6337759  
-437.1987875  
-138.5451776  
-370.0523386  
-62.95613833  
-94.70544796  
43.88662049  
27.23245543  
321.0242957  
91.61821144  
-159.891631  
-48.31025823  
-69.83904096  
15.2567297  
