104.4976396  
-20.83354304  
-18.27738632  
-54.93153684  
43.2081858  
14.42780674  
-120.5496422  
-31.49126899  
-38.84676733  
5.039414741  
-9.297957365  
-22.59236681  
-9.107408351  
42.77262685  
15.83040304  
-2.263131396  
-31.92487026  
-6.085988672  
39.4392691  
15.41425273  
42.32220806  
0.7509620719  
40.23246214  
-16.17260954  
-25.16295679  
25.58658513  
17.06409176  
36.95013755  
-22.31874625  
-51.5508829  
41.76576802  
-25.63840172  
-78.23882774  
13.14036066  
-5.338862954  
94.71919416  
-152.2031821  
-116.3292952  
-0.6686305823  
64.66359372  
13.71466985  
6.076925384  
62.29556056  
-31.49928972  
102.6655211  
-10.74710256  
-1.913350609  
21.12478137  
