-104.289527  
253.7335347  
86.49927644  
-6.280785839  
62.3070021  
107.8967127  
25.41142495  
-50.06622368  
107.4185996  
47.59372217  
81.84612864  
-25.93111087  
96.33194864  
16.16446051  
98.96744388  
-113.0600151  
1.175266086  
88.73931623  
76.66782879  
15.06575947  
-76.45521794  
21.21924069  
84.21088904  
188.4231941  
154.977263  
-110.8261786  
55.60829965  
84.92011465  
-230.2141017  
-18.20291287  
-63.15072104  
426.4000516  
-65.55796312  
222.7399062  
-249.0051397  
-238.1322718  
-271.3889046  
-466.4190893  
160.0485632  
-51.20860028  
182.1250509  
144.5055987  
422.1133268  
-100.2396038  
265.5993932  
-138.5419128  
-50.16693006  
60.79849473  
