22.58077951  
1.256524997  
44.93691  
-29.68703531  
-12.90182109  
46.95837153  
50.5939238  
-28.27296717  
-28.95108732  
50.36546671  
0.5477229101  
-0.2798668657  
65.4817718  
-23.34781051  
4.445030786  
-30.32749917  
-5.206755417  
68.11256368  
43.29154376  
2.672605066  
-9.36984782  
32.80891566  
-67.76599543  
-0.3183474049  
24.20339541  
-35.37978518  
2.619377999  
1.477997854  
-56.53630517  
-71.48324885  
23.39861982  
-4.762224228  
69.86767977  
49.14978405  
-132.4429072  
94.2093477  
-110.9772008  
-16.97593824  
-4.704829376  
-12.35390425  
89.45722795  
67.18543045  
-50.45732315  
-38.00343526  
17.51691889  
-1.895999835  
38.80461066  
19.25238459  
