-58.50988956  
147.3556097  
14.11110301  
138.4758467  
-39.10894383  
43.15490839  
-277.245785  
-269.8423088  
28.5415521  
-23.58145338  
103.3547164  
46.09342347  
43.41152981  
-49.67750545  
135.8540201  
-49.16165398  
139.1584047  
168.6364108  
-89.62798279  
-191.6826486  
182.9303953  
23.75239974  
-111.6657496  
-1.674755166  
-56.28641563  
-149.8257848  
-11.21715473  
-94.17377717  
-7.692585363  
118.9681439  
301.6717006  
13.26165458  
72.75021271  
85.8167915  
-212.1159621  
-0.9737033617  
254.1492499  
-171.4825155  
-139.0587096  
-9.570336271  
11.05409048  
95.35824509  
-421.1234269  
-282.5756706  
-15.88555059  
36.2310788  
-271.4133598  
148.5461664  
