-40.86261147  
-64.76523738  
-35.21640083  
-149.4647138  
60.4977728  
-56.8495475  
-77.75725842  
-55.55577592  
11.10817724  
-27.0558339  
16.51376915  
24.86905606  
41.41109804  
73.28855963  
-3.329873359  
-18.10059954  
-38.97477759  
45.68437007  
63.87976618  
2.084212703  
30.10766389  
-28.37517876  
-1.997317129  
-30.21479395  
3.919798003  
-64.53998191  
-8.263069577  
-36.77444109  
-41.3294581  
-72.82808392  
36.76389525  
10.67792856  
-10.54992897  
7.274179618  
25.16805038  
292.6931805  
-160.7343465  
-62.19410217  
-21.37047399  
73.68778907  
14.12882479  
-8.269980409  
158.3654161  
7.605414108  
-125.7096983  
-68.04404909  
-5.571414517  
17.25276336  
