-1.304075954  
7.027807404  
-65.08436068  
12.91627612  
47.04018908  
-14.86557251  
71.3196147  
-56.91452789  
-7.335911967  
81.50897445  
6.173487987  
-0.84210519  
78.09456486  
45.11401769  
-24.11769332  
-17.81333648  
21.81016631  
-51.12993031  
37.46006897  
52.85674629  
-62.24218815  
-25.15261281  
44.90123455  
29.1874191  
-92.21586593  
-22.4246595  
-13.71845157  
21.17849333  
-43.52536847  
63.51873737  
25.40658053  
125.801437  
33.2809533  
167.4672629  
-103.1608874  
30.38023208  
-228.6782921  
-28.32757672  
-16.9186786  
-10.15849689  
7.184179412  
65.65529465  
75.34429546  
-24.27028666  
165.6801432  
-10.83834044  
11.88767478  
-15.78894245  
