26.01175421  
24.16662757  
-33.65180897  
43.71598764  
-8.544014766  
243.2530863  
141.4172484  
11.97626034  
59.69959834  
-9.031832763  
111.2234147  
-97.70981189  
95.90570343  
-28.37572788  
58.93138377  
-101.4173581  
10.80226901  
99.49429322  
-78.53988167  
43.53749342  
-91.78425698  
125.4295049  
-213.463306  
115.8610607  
-250.5819982  
-93.93495767  
-20.42925398  
-19.41440036  
-72.8315258  
-30.86343518  
108.1942073  
-224.226323  
-31.55217393  
235.1655771  
14.78833476  
71.97052294  
78.24928111  
175.8049249  
172.4415719  
-14.62652689  
130.5735113  
-19.50288598  
-318.7443015  
-195.9955947  
364.4156858  
-227.8460601  
-13.15851566  
-24.19715227  
