-201.2696478  
113.2926294  
-1.140998375  
84.39297685  
6.80316832  
295.8364445  
34.25853661  
16.5599565  
158.4821316  
119.450521  
-168.3582245  
101.2389213  
-6.03134664  
71.93140984  
-18.00630262  
-45.22613857  
36.78523624  
23.84936833  
156.0570354  
137.6751573  
113.1445229  
-42.1289892  
-362.3457012  
-26.29294271  
-125.5294742  
-76.86000354  
71.15589266  
-122.1649667  
-179.4673599  
165.1252199  
-8.405069997  
434.3809016  
-25.26778625  
84.36614782  
-122.2295852  
-180.1769609  
-274.4003055  
34.46637594  
281.0299042  
-73.78134334  
-174.681666  
115.0201781  
-239.4978676  
-8.028213947  
446.327662  
74.37626352  
-20.37947638  
-121.9773368  
