-45.56371406  
17.79879923  
37.75831125  
48.86560924  
49.84974099  
142.1747994  
160.8880588  
43.17383535  
-89.67434694  
3.882576663  
-0.8938217404  
-70.92430111  
36.1257643  
-27.32512085  
41.64778393  
-72.46352996  
-17.02179172  
-58.18228419  
48.06731664  
-4.342791787  
-66.78077807  
-0.268997147  
266.6161588  
52.76406626  
-33.0790605  
-177.9299349  
88.56814971  
111.6860568  
-37.88507782  
8.16865673  
-24.50947425  
122.3984767  
-139.0430595  
36.3850337  
87.94474399  
-151.9967736  
123.9188265  
-24.39483832  
46.39052542  
-14.43435016  
-29.20094781  
48.53677838  
-235.2309191  
27.26162409  
80.20056359  
-215.0572709  
-16.3054063  
-45.93124924  
