4.519641905  
22.78094667  
12.9072285  
4.197767349  
11.76003427  
13.89852125  
55.27849537  
10.40294166  
-54.0680289  
15.92192692  
-12.8689529  
1.077357729  
-44.734648  
-39.87226632  
-11.43278258  
-68.1329968  
-25.77113408  
70.14498489  
58.04741206  
-17.46485522  
-1.204522261  
-5.345537976  
-57.0666832  
-5.834635107  
92.83123025  
3.918910174  
-20.27985959  
12.59248614  
-79.62148893  
-10.42011822  
-3.594281617  
-25.83283469  
0.1074453081  
33.6118478  
97.03605307  
-89.00939848  
29.76011156  
-120.3096869  
-21.79304091  
-0.6371999376  
-13.17146732  
5.550314812  
-35.52446737  
46.41428657  
82.14474838  
18.73868319  
0.65425553  
-7.774780633  
