-155.5673982  
-187.6424855  
-61.12155905  
-77.60755877  
-43.43839139  
-17.95455721  
-167.6074585  
131.6533663  
395.386097  
-10.92670641  
-119.7473486  
-55.48800822  
12.40002419  
-34.55563667  
-13.34040933  
-31.65168984  
-126.0025773  
57.49791061  
3.013645755  
9.760340393  
-39.64805024  
-91.3373399  
14.85559584  
31.65277781  
109.0820085  
44.00321696  
-30.76438549  
-25.7438808  
-63.84934617  
278.3759749  
202.8637753  
-8.877150218  
80.95357997  
170.3414774  
4.750130124  
38.04793963  
329.6240892  
-395.775943  
254.4771913  
-284.1381259  
235.6875804  
-79.07926651  
321.0150784  
14.98214787  
20.03196688  
53.11333995  
33.00857106  
13.11383728  
