22.9903303  
-134.0586439  
141.2419486  
-299.829433  
21.8309515  
135.1343407  
-247.3407343  
44.42465111  
-11.40145927  
41.82627756  
25.17560761  
-38.43886322  
18.58984495  
130.1430882  
54.7814034  
18.75628779  
-207.3691143  
-158.250176  
117.0685213  
-12.60622799  
57.64177638  
-23.94320618  
-14.82110017  
-49.98157865  
128.1380226  
-41.57276203  
-5.372538884  
184.9675033  
-56.1417628  
-156.3320896  
-35.57787806  
83.92257235  
-30.89983484  
47.97035688  
-201.6929428  
-264.9997377  
-157.7074221  
31.81432106  
-39.45739826  
97.77463737  
26.73396329  
167.4543625  
-275.5688922  
-5.905574993  
-44.49011243  
21.74895407  
4.341077275  
-6.4748183  
