100.0776391  
-230.2922182  
-7.6854952  
5.619834157  
2.423781393  
-96.63531883  
-531.6304403  
-36.54887518  
-291.8568585  
13.15154369  
-27.91712237  
-39.81118465  
21.09550148  
-150.0404833  
83.48032582  
-12.81543198  
-67.37760466  
-30.3697544  
14.86508875  
16.99110277  
94.49736082  
-18.22872471  
47.8571747  
10.86386175  
-47.40494679  
-122.5486233  
-13.07726881  
-35.64027479  
-10.27008332  
24.36118656  
17.23782804  
-51.63522585  
87.92211073  
-8.318426026  
-94.0335593  
-52.32548621  
-274.6411738  
-76.03823312  
-64.1306822  
36.05550742  
17.69876322  
27.72570663  
90.45683984  
-169.5074885  
69.06464972  
-6.134375519  
85.77752927  
4.991444  
