  1   1 0.02
  1   2 0.02
  1   3 0.10
  1   4 -0.00
  1   5 0.28
  1   6 0.02
  1   7 -0.02
  1   8 0.04
  1   9 0.01
  1  10 0.04
  2   1 -0.06
  2   2 -0.01
  2   3 -0.08
  2   4 -0.00
  2   5 -0.08
  2   6 0.32
  2   7 -0.13
  2   8 -0.07
  2   9 0.01
  2  10 -0.03
  3   1 -0.00
  3   2 -0.02
  3   3 0.00
  3   4 0.00
  3   5 0.08
  3   6 0.00
  3   7 -0.00
  3   8 -0.00
  3   9 -0.01
  3  10 0.01
  4   1 0.03
  4   2 0.00
  4   3 0.01
  4   4 0.00
  4   5 0.04
  4   6 0.02
  4   7 -0.01
  4   8 0.02
  4   9 0.00
  4  10 0.03
  5   1 -0.09
  5   2 0.44
  5   3 0.04
  5   4 0.02
  5   5 -0.06
  5   6 -0.07
  5   7 -0.02
  5   8 0.01
  5   9 -0.05
  5  10 -0.01
  6   1 -0.04
  6   2 0.15
  6   3 -0.13
  6   4 0.03
  6   5 0.04
  6   6 -0.02
  6   7 0.25
  6   8 0.13
  6   9 -0.02
  6  10 0.02
  7   1 0.01
  7   2 -0.01
  7   3 -0.01
  7   4 0.00
  7   5 0.00
  7   6 0.00
  7   7 -0.02
  7   8 -0.02
  7   9 -0.00
  7  10 -0.00
  8   1 -0.01
  8   2 0.04
  8   3 -0.07
  8   4 -0.01
  8   5 0.05
  8   6 0.02
  8   7 -0.18
  8   8 0.17
  8   9 0.16
  8  10 0.05
  9   1 -0.03
  9   2 -0.08
  9   3 0.03
  9   4 -0.09
  9   5 -0.04
  9   6 0.03
  9   7 -0.15
  9   8 0.27
  9   9 -0.04
  9  10 -0.04
 10   1 -0.02
 10   2 -0.01
 10   3 -0.02
 10   4 0.02
 10   5 -0.00
 10   6 -0.08
 10   7 -0.03
 10   8 -0.02
 10   9 -0.04
 10  10 0.00
 11   1 -0.04
 11   2 -0.01
 11   3 0.02
 11   4 0.14
 11   5 -0.08
 11   6 -0.09
 11   7 0.00
 11   8 -0.06
 11   9 -0.03
 11  10 -0.07
 12   1 -0.00
 12   2 0.02
 12   3 -0.02
 12   4 0.00
 12   5 -0.01
 12   6 0.02
 12   7 0.00
 12   8 -0.04
 12   9 0.02
 12  10 -0.01
 13   1 -0.01
 13   2 0.02
 13   3 -0.03
 13   4 -0.05
 13   5 0.00
 13   6 0.38
 13   7 -0.05
 13   8 -0.03
 13   9 -0.06
 13  10 -0.02
 14   1 -0.00
 14   2 0.03
 14   3 0.04
 14   4 -0.02
 14   5 -0.04
 14   6 -0.04
 14   7 -0.02
 14   8 -0.01
 14   9 0.01
 14  10 -0.05
 15   1 0.01
 15   2 0.02
 15   3 -0.02
 15   4 -0.00
 15   5 0.02
 15   6 0.02
 15   7 -0.03
 15   8 0.01
 15   9 0.02
 15  10 0.01
 16   1 -0.03
 16   2 -0.01
 16   3 0.03
 16   4 0.10
 16   5 0.01
 16   6 0.01
 16   7 -0.06
 16   8 0.45
 16   9 0.08
 16  10 -0.04
 17   1 -0.02
 17   2 0.04
 17   3 -0.02
 17   4 0.02
 17   5 0.17
 17   6 -0.01
 17   7 0.00
 17   8 0.01
 17   9 0.03
 17  10 -0.01
 18   1 -0.04
 18   2 -0.03
 18   3 0.03
 18   4 0.02
 18   5 -0.00
 18   6 -0.03
 18   7 -0.02
 18   8 -0.01
 18   9 -0.08
 18  10 0.01
 19   1 0.08
 19   2 -0.00
 19   3 -0.05
 19   4 0.18
 19   5 -0.06
 19   6 0.05
 19   7 -0.11
 19   8 0.05
 19   9 0.52
 19  10 0.26
 20   1 0.33
 20   2 -0.09
 20   3 0.23
 20   4 0.16
 20   5 -0.12
 20   6 -0.07
 20   7 -0.07
 20   8 0.11
 20   9 -0.08
 20  10 -0.01
 21   1 0.03
 21   2 -0.04
 21   3 -0.13
 21   4 -0.00
 21   5 -0.00
 21   6 -0.06
 21   7 -0.08
 21   8 -0.05
 21   9 0.03
 21  10 0.02
 22   1 0.01
 22   2 -0.01
 22   3 0.02
 22   4 -0.00
 22   5 0.11
 22   6 0.01
 22   7 -0.02
 22   8 0.01
 22   9 0.01
 22  10 0.02
 23   1 0.01
 23   2 -0.02
 23   3 0.03
 23   4 -0.01
 23   5 -0.00
 23   6 0.12
 23   7 -0.07
 23   8 -0.03
 23   9 -0.04
 23  10 0.09
 24   1 0.03
 24   2 -0.02
 24   3 -0.02
 24   4 -0.02
 24   5 -0.02
 24   6 -0.00
 24   7 -0.03
 24   8 0.00
 24   9 0.01
 24  10 -0.02
 25   1 -0.05
 25   2 -0.02
 25   3 0.09
 25   4 0.04
 25   5 -0.05
 25   6 -0.01
 25   7 0.09
 25   8 -0.07
 25   9 0.13
 25  10 -0.11
 26   1 -0.08
 26   2 -0.03
 26   3 0.07
 26   4 -0.18
 26   5 -0.00
 26   6 0.02
 26   7 -0.02
 26   8 0.05
 26   9 0.03
 26  10 0.54
 27   1 0.68
 27   2 0.07
 27   3 -0.02
 27   4 0.01
 27   5 -0.01
 27   6 -0.00
 27   7 -0.02
 27   8 0.00
 27   9 -0.03
 27  10 -0.04
 28   1 0.00
 28   2 0.00
 28   3 0.00
 28   4 -0.01
 28   5 -0.02
 28   6 -0.00
 28   7 -0.01
 28   8 0.00
 28   9 0.01
 28  10 0.01
 29   1 0.02
 29   2 -0.03
 29   3 0.03
 29   4 0.06
 29   5 -0.05
 29   6 0.16
 29   7 -0.13
 29   8 0.02
 29   9 0.01
 29  10 0.09
 30   1 0.01
 30   2 -0.02
 30   3 -0.00
 30   4 -0.02
 30   5 -0.01
 30   6 -0.01
 30   7 -0.03
 30   8 0.00
 30   9 0.06
 30  10 -0.05
 31   1 0.10
 31   2 0.46
 31   3 0.47
 31   4 -0.07
 31   5 -0.00
 31   6 0.07
 31   7 -0.11
 31   8 0.01
 31   9 0.01
 31  10 -0.00
 32   1 -0.04
 32   2 -0.01
 32   3 -0.00
 32   4 0.02
 32   5 0.09
 32   6 -0.01
 32   7 0.01
 32   8 -0.02
 32   9 -0.00
 32  10 -0.02
 33   1 0.01
 33   2 -0.00
 33   3 -0.04
 33   4 -0.02
 33   5 -0.05
 33   6 -0.01
 33   7 -0.05
 33   8 -0.01
 33   9 -0.02
 33  10 -0.02
 34   1 -0.01
 34   2 -0.00
 34   3 -0.00
 34   4 0.04
 34   5 -0.04
 34   6 0.00
 34   7 0.09
 34   8 0.01
 34   9 -0.06
 34  10 0.18
 35   1 -0.01
 35   2 -0.02
 35   3 -0.04
 35   4 -0.03
 35   5 0.02
 35   6 0.07
 35   7 0.13
 35   8 0.03
 35   9 -0.08
 35  10 0.11
 36   1 -0.01
 36   2 -0.02
 36   3 -0.00
 36   4 0.02
 36   5 0.10
 36   6 -0.00
 36   7 0.01
 36   8 -0.01
 36   9 0.00
 36  10 -0.01
 37   1 -0.01
 37   2 0.00
 37   3 -0.01
 37   4 -0.03
 37   5 -0.03
 37   6 0.03
 37   7 0.00
 37   8 -0.02
 37   9 -0.04
 37  10 -0.01
 38   1 0.08
 38   2 0.01
 38   3 -0.14
 38   4 -0.10
 38   5 -0.04
 38   6 0.22
 38   7 -0.06
 38   8 -0.03
 38   9 -0.09
 38  10 -0.07
 39   1 0.12
 39   2 -0.13
 39   3 0.26
 39   4 -0.02
 39   5 0.04
 39   6 -0.05
 39   7 0.07
 39   8 -0.09
 39   9 0.07
 39  10 -0.15
 40   1 -0.01
 40   2 -0.02
 40   3 0.00
 40   4 -0.05
 40   5 -0.03
 40   6 -0.00
 40   7 -0.04
 40   8 0.00
 40   9 -0.05
 40  10 0.03
 41   1 -0.04
 41   2 -0.05
 41   3 -0.02
 41   4 0.02
 41   5 0.05
 41   6 -0.02
 41   7 0.02
 41   8 -0.05
 41   9 -0.02
 41  10 0.00
 42   1 -0.05
 42   2 0.09
 42   3 0.07
 42   4 0.05
 42   5 0.04
 42   6 -0.02
 42   7 0.07
 42   8 -0.04
 42   9 0.18
 42  10 -0.06
 43   1 0.01
 43   2 -0.01
 43   3 -0.01
 43   4 0.15
 43   5 0.05
 43   6 0.08
 43   7 0.38
 43   8 0.05
 43   9 -0.02
 43  10 -0.02
 44   1 -0.02
 44   2 -0.02
 44   3 -0.01
 44   4 -0.13
 44   5 -0.05
 44   6 0.01
 44   7 0.16
 44   8 0.08
 44   9 0.28
 44  10 -0.10
 45   1 0.00
 45   2 0.01
 45   3 0.00
 45   4 -0.05
 45   5 -0.02
 45   6 0.01
 45   7 0.05
 45   8 0.30
 45   9 -0.03
 45  10 0.02
 46   1 -0.09
 46   2 -0.05
 46   3 0.19
 46   4 0.05
 46   5 0.03
 46   6 0.36
 46   7 0.02
 46   8 -0.01
 46   9 0.02
 46  10 0.13
 47   1 -0.01
 47   2 -0.03
 47   3 0.01
 47   4 -0.01
 47   5 -0.02
 47   6 -0.02
 47   7 0.21
 47   8 -0.02
 47   9 -0.10
 47  10 0.13
 48   1 -0.05
 48   2 -0.01
 48   3 -0.06
 48   4 0.70
 48   5 0.04
 48   6 0.02
 48   7 -0.06
 48   8 0.05
 48   9 -0.07
 48  10 0.05
 49   1 0.08
 49   2 -0.03
 49   3 0.06
 49   4 0.01
 49   5 -0.05
 49   6 0.02
 49   7 -0.02
 49   8 -0.00
 49   9 0.02
 49  10 0.01
 50   1 0.13
 50   2 0.00
 50   3 0.16
 50   4 -0.03
 50   5 0.41
 50   6 0.00
 50   7 -0.04
 50   8 0.02
 50   9 -0.01
 50  10 0.05
 51   1 0.01
 51   2 -0.01
 51   3 -0.04
 51   4 -0.07
 51   5 -0.09
 51   6 -0.02
 51   7 0.03
 51   8 0.01
 51   9 0.01
 51  10 -0.05
 52   1 0.11
 52   2 0.01
 52   3 0.16
 52   4 0.02
 52   5 -0.01
 52   6 -0.07
 52   7 0.01
 52   8 -0.09
 52   9 -0.09
 52  10 0.16
 53   1 0.02
 53   2 0.07
 53   3 -0.02
 53   4 0.02
 53   5 0.05
 53   6 -0.03
 53   7 -0.03
 53   8 0.05
 53   9 0.00
 53  10 0.01
 54   1 -0.01
 54   2 -0.03
 54   3 -0.01
 54   4 -0.01
 54   5 0.00
 54   6 -0.02
 54   7 -0.01
 54   8 -0.00
 54   9 -0.00
 54  10 -0.00
 55   1 0.03
 55   2 -0.03
 55   3 -0.04
 55   4 -0.10
 55   5 0.03
 55   6 0.02
 55   7 0.35
 55   8 0.13
 55   9 0.05
 55  10 -0.00
 56   1 -0.01
 56   2 0.01
 56   3 -0.01
 56   4 -0.01
 56   5 -0.00
 56   6 0.04
 56   7 -0.01
 56   8 -0.02
 56   9 -0.00
 56  10 0.00
 57   1 0.07
 57   2 -0.01
 57   3 -0.01
 57   4 0.00
 57   5 -0.02
 57   6 0.37
 57   7 0.16
 57   8 0.00
 57   9 0.03
 57  10 0.02
 58   1 0.16
 58   2 0.05
 58   3 -0.12
 58   4 0.01
 58   5 -0.03
 58   6 0.17
 58   7 0.09
 58   8 0.32
 58   9 0.12
 58  10 0.01
 59   1 -0.04
 59   2 -0.06
 59   3 0.00
 59   4 -0.04
 59   5 0.00
 59   6 -0.03
 59   7 -0.10
 59   8 0.24
 59   9 -0.04
 59  10 -0.00
 60   1 -0.01
 60   2 0.01
 60   3 0.02
 60   4 0.01
 60   5 -0.02
 60   6 -0.01
 60   7 -0.01
 60   8 0.03
 60   9 0.01
 60  10 -0.01
 61   1 0.00
 61   2 -0.02
 61   3 0.04
 61   4 -0.05
 61   5 -0.04
 61   6 0.12
 61   7 -0.01
 61   8 -0.01
 61   9 0.09
 61  10 -0.07
 62   1 0.00
 62   2 -0.01
 62   3 -0.00
 62   4 -0.01
 62   5 0.01
 62   6 -0.01
 62   7 -0.02
 62   8 0.06
 62   9 -0.00
 62  10 -0.01
 63   1 0.05
 63   2 -0.02
 63   3 0.05
 63   4 0.16
 63   5 -0.10
 63   6 -0.03
 63   7 0.19
 63   8 -0.07
 63   9 0.02
 63  10 0.29
 64   1 -0.03
 64   2 -0.02
 64   3 0.01
 64   4 0.00
 64   5 0.03
 64   6 -0.00
 64   7 -0.03
 64   8 -0.01
 64   9 0.00
 64  10 -0.00
 65   1 -0.02
 65   2 0.03
 65   3 -0.00
 65   4 0.04
 65   5 -0.01
 65   6 0.00
 65   7 -0.02
 65   8 -0.03
 65   9 0.02
 65  10 0.02
 66   1 0.02
 66   2 -0.01
 66   3 0.01
 66   4 0.03
 66   5 0.00
 66   6 0.01
 66   7 0.02
 66   8 0.00
 66   9 -0.00
 66  10 -0.01
 67   1 -0.11
 67   2 -0.03
 67   3 -0.09
 67   4 -0.02
 67   5 -0.02
 67   6 -0.07
 67   7 -0.07
 67   8 -0.00
 67   9 -0.03
 67  10 -0.02
 68   1 0.03
 68   2 0.02
 68   3 -0.01
 68   4 -0.04
 68   5 -0.04
 68   6 0.00
 68   7 -0.01
 68   8 0.01
 68   9 -0.03
 68  10 -0.02
 69   1 -0.00
 69   2 -0.02
 69   3 0.00
 69   4 0.03
 69   5 -0.01
 69   6 -0.01
 69   7 -0.05
 69   8 0.01
 69   9 0.02
 69  10 -0.01
 70   1 -0.01
 70   2 0.01
 70   3 -0.05
 70   4 -0.03
 70   5 0.03
 70   6 -0.03
 70   7 -0.03
 70   8 0.01
 70   9 0.01
 70  10 0.02
 71   1 0.02
 71   2 0.01
 71   3 0.00
 71   4 -0.02
 71   5 -0.02
 71   6 0.04
 71   7 0.00
 71   8 -0.01
 71   9 0.02
 71  10 -0.01
 72   1 -0.05
 72   2 -0.07
 72   3 0.20
 72   4 0.01
 72   5 0.01
 72   6 0.04
 72   7 0.17
 72   8 0.01
 72   9 0.28
 72  10 -0.13
 73   1 -0.01
 73   2 0.02
 73   3 0.02
 73   4 0.06
 73   5 -0.03
 73   6 0.02
 73   7 -0.01
 73   8 -0.02
 73   9 -0.02
 73  10 -0.03
 74   1 0.02
 74   2 0.01
 74   3 -0.03
 74   4 -0.00
 74   5 0.10
 74   6 0.00
 74   7 -0.00
 74   8 0.03
 74   9 -0.02
 74  10 -0.02
 75   1 0.06
 75   2 -0.04
 75   3 0.06
 75   4 0.02
 75   5 0.03
 75   6 -0.05
 75   7 0.02
 75   8 0.01
 75   9 -0.01
 75  10 0.03
 76   1 0.01
 76   2 -0.01
 76   3 0.00
 76   4 -0.00
 76   5 -0.00
 76   6 0.01
 76   7 0.02
 76   8 0.00
 76   9 0.00
 76  10 -0.00
 77   1 0.00
 77   2 0.00
 77   3 -0.01
 77   4 0.01
 77   5 0.01
 77   6 -0.00
 77   7 -0.01
 77   8 -0.01
 77   9 0.02
 77  10 0.00
 78   1 0.01
 78   2 0.01
 78   3 -0.03
 78   4 0.00
 78   5 0.01
 78   6 0.01
 78   7 -0.00
 78   8 -0.01
 78   9 -0.03
 78  10 0.03
 79   1 0.02
 79   2 0.00
 79   3 -0.06
 79   4 -0.00
 79   5 -0.02
 79   6 -0.02
 79   7 0.01
 79   8 -0.02
 79   9 -0.04
 79  10 -0.02
 80   1 0.00
 80   2 -0.00
 80   3 -0.01
 80   4 0.01
 80   5 -0.03
 80   6 0.02
 80   7 -0.02
 80   8 -0.01
 80   9 0.04
 80  10 0.00
 81   1 -0.00
 81   2 0.01
 81   3 0.02
 81   4 0.01
 81   5 0.10
 81   6 0.00
 81   7 -0.01
 81   8 0.00
 81   9 0.02
 81  10 0.01
 82   1 -0.04
 82   2 -0.06
 82   3 0.01
 82   4 0.01
 82   5 0.00
 82   6 -0.03
 82   7 -0.00
 82   8 -0.02
 82   9 0.01
 82  10 -0.04
 83   1 0.01
 83   2 -0.01
 83   3 -0.07
 83   4 0.00
 83   5 0.19
 83   6 0.05
 83   7 0.04
 83   8 -0.01
 83   9 -0.00
 83  10 0.01
 84   1 0.03
 84   2 0.01
 84   3 -0.03
 84   4 -0.02
 84   5 0.00
 84   6 -0.03
 84   7 -0.01
 84   8 0.00
 84   9 -0.00
 84  10 0.00
 85   1 0.01
 85   2 0.00
 85   3 -0.00
 85   4 -0.02
 85   5 -0.01
 85   6 -0.00
 85   7 -0.01
 85   8 0.01
 85   9 0.02
 85  10 0.03
 86   1 0.03
 86   2 -0.05
 86   3 0.01
 86   4 0.01
 86   5 -0.08
 86   6 -0.05
 86   7 0.03
 86   8 -0.02
 86   9 -0.00
 86  10 0.01
 87   1 0.01
 87   2 0.02
 87   3 -0.01
 87   4 0.01
 87   5 -0.01
 87   6 -0.01
 87   7 0.00
 87   8 0.03
 87   9 0.03
 87  10 0.03
 88   1 -0.02
 88   2 -0.02
 88   3 0.03
 88   4 0.03
 88   5 0.00
 88   6 0.04
 88   7 0.03
 88   8 0.02
 88   9 0.01
 88  10 -0.01
 89   1 -0.01
 89   2 0.01
 89   3 0.03
 89   4 0.00
 89   5 -0.00
 89   6 0.02
 89   7 -0.02
 89   8 -0.02
 89   9 -0.02
 89  10 0.01
 90   1 0.02
 90   2 -0.01
 90   3 -0.02
 90   4 -0.00
 90   5 0.01
 90   6 -0.00
 90   7 -0.00
 90   8 -0.00
 90   9 -0.00
 90  10 -0.01
 91   1 -0.00
 91   2 -0.01
 91   3 0.03
 91   4 0.01
 91   5 0.04
 91   6 0.01
 91   7 -0.02
 91   8 -0.01
 91   9 -0.02
 91  10 0.02
 92   1 0.03
 92   2 0.01
 92   3 -0.04
 92   4 -0.01
 92   5 -0.05
 92   6 -0.02
 92   7 0.01
 92   8 -0.00
 92   9 0.02
 92  10 -0.05
 93   1 -0.02
 93   2 0.01
 93   3 -0.02
 93   4 0.02
 93   5 0.10
 93   6 -0.01
 93   7 -0.01
 93   8 -0.04
 93   9 0.02
 93  10 -0.03
 94   1 -0.04
 94   2 -0.02
 94   3 0.07
 94   4 0.01
 94   5 -0.01
 94   6 0.01
 94   7 -0.01
 94   8 0.01
 94   9 -0.03
 94  10 -0.00
 95   1 0.02
 95   2 0.02
 95   3 -0.04
 95   4 0.01
 95   5 0.05
 95   6 0.01
 95   7 0.00
 95   8 0.01
 95   9 0.00
 95  10 -0.00
 96   1 -0.00
 96   2 -0.01
 96   3 0.01
 96   4 0.01
 96   5 -0.05
 96   6 -0.06
 96   7 -0.00
 96   8 -0.01
 96   9 0.01
 96  10 -0.03
 97   1 0.01
 97   2 -0.03
 97   3 0.01
 97   4 -0.02
 97   5 0.06
 97   6 0.00
 97   7 -0.02
 97   8 0.01
 97   9 -0.04
 97  10 -0.01
 98   1 -0.01
 98   2 0.02
 98   3 -0.00
 98   4 0.02
 98   5 -0.05
 98   6 -0.00
 98   7 0.01
 98   8 -0.02
 98   9 0.02
 98  10 0.00
 99   1 -0.03
 99   2 -0.02
 99   3 0.07
 99   4 0.02
 99   5 -0.04
 99   6 0.01
 99   7 0.04
 99   8 0.00
 99   9 0.05
 99  10 -0.02
100   1 -0.02
100   2 -0.01
100   3 -0.01
100   4 0.00
100   5 0.01
100   6 -0.02
100   7 -0.00
100   8 0.02
100   9 -0.00
100  10 -0.00
101   1 0.03
101   2 0.03
101   3 -0.03
101   4 -0.01
101   5 -0.03
101   6 0.00
101   7 0.04
101   8 -0.01
101   9 0.00
101  10 -0.07
102   1 -0.00
102   2 0.00
102   3 0.06
102   4 0.04
102   5 -0.02
102   6 -0.03
102   7 0.02
102   8 -0.01
102   9 0.01
102  10 -0.00
103   1 0.04
103   2 0.02
103   3 -0.01
103   4 0.03
103   5 -0.02
103   6 -0.03
103   7 -0.01
103   8 0.00
103   9 0.04
103  10 -0.03
104   1 0.01
104   2 -0.01
104   3 0.01
104   4 0.03
104   5 -0.01
104   6 0.03
104   7 -0.00
104   8 -0.01
104   9 0.02
104  10 -0.05
105   1 0.05
105   2 0.03
105   3 -0.06
105   4 -0.02
105   5 0.00
105   6 0.05
105   7 -0.02
105   8 -0.00
105   9 0.02
105  10 0.02
106   1 0.04
106   2 0.02
106   3 0.05
106   4 0.05
106   5 0.01
106   6 0.02
106   7 0.04
106   8 -0.02
106   9 -0.00
106  10 0.05
107   1 0.01
107   2 0.01
107   3 -0.01
107   4 0.01
107   5 0.12
107   6 -0.04
107   7 -0.01
107   8 0.01
107   9 0.03
107  10 0.01
108   1 0.05
108   2 0.00
108   3 -0.04
108   4 0.02
108   5 -0.03
108   6 0.03
108   7 -0.02
108   8 -0.04
108   9 0.05
108  10 0.01
109   1 -0.01
109   2 -0.01
109   3 0.01
109   4 0.00
109   5 0.11
109   6 -0.01
109   7 0.01
109   8 -0.01
109   9 0.01
109  10 0.03
110   1 0.01
110   2 0.02
110   3 0.02
110   4 0.00
110   5 0.01
110   6 -0.04
110   7 -0.02
110   8 0.02
110   9 0.01
110  10 0.01
111   1 -0.01
111   2 -0.01
111   3 0.02
111   4 -0.01
111   5 0.01
111   6 0.01
111   7 0.02
111   8 -0.03
111   9 0.01
111  10 0.03
112   1 0.01
112   2 0.01
112   3 -0.05
112   4 -0.01
112   5 -0.02
112   6 -0.01
112   7 0.02
112   8 0.00
112   9 -0.01
112  10 -0.01
113   1 0.01
113   2 0.00
113   3 0.04
113   4 0.03
113   5 -0.00
113   6 -0.01
113   7 0.03
113   8 0.00
113   9 0.05
113  10 -0.00
114   1 0.01
114   2 0.01
114   3 -0.00
114   4 0.03
114   5 0.03
114   6 0.01
114   7 0.04
114   8 0.01
114   9 0.03
114  10 0.00
