  1   1 0.04
  1   2 -0.05
  1   3 -0.01
  1   4 -0.18
  1   5 -0.06
  1   6 0.62
  1   7 -0.06
  1   8 0.06
  1   9 -0.03
  1  10 0.16
  2   1 -0.02
  2   2 -0.06
  2   3 -0.01
  2   4 -0.12
  2   5 -0.02
  2   6 -0.01
  2   7 -0.15
  2   8 0.57
  2   9 0.02
  2  10 0.03
  3   1 0.02
  3   2 -0.04
  3   3 0.03
  3   4 -0.03
  3   5 -0.00
  3   6 0.08
  3   7 0.01
  3   8 0.05
  3   9 0.01
  3  10 0.01
  4   1 -0.10
  4   2 -0.05
  4   3 -0.07
  4   4 0.06
  4   5 -0.09
  4   6 0.16
  4   7 -0.16
  4   8 -0.08
  4   9 -0.04
  4  10 -0.07
  5   1 0.58
  5   2 0.12
  5   3 0.48
  5   4 0.14
  5   5 0.00
  5   6 -0.04
  5   7 -0.11
  5   8 -0.00
  5   9 -0.08
  5  10 -0.04
  6   1 0.00
  6   2 0.04
  6   3 0.05
  6   4 0.11
  6   5 0.06
  6   6 0.07
  6   7 0.37
  6   8 0.10
  6   9 -0.03
  6  10 0.06
  7   1 -0.02
  7   2 -0.07
  7   3 0.01
  7   4 0.01
  7   5 0.12
  7   6 -0.03
  7   7 0.01
  7   8 -0.00
  7   9 0.02
  7  10 -0.05
  8   1 -0.05
  8   2 -0.06
  8   3 -0.04
  8   4 0.04
  8   5 -0.09
  8   6 -0.08
  8   7 -0.04
  8   8 -0.06
  8   9 -0.06
  8  10 -0.05
  9   1 -0.01
  9   2 0.00
  9   3 0.00
  9   4 0.03
  9   5 -0.05
  9   6 0.11
  9   7 0.00
  9   8 -0.09
  9   9 -0.03
  9  10 -0.01
 10   1 0.03
 10   2 0.06
 10   3 0.12
 10   4 -0.02
 10   5 0.31
 10   6 0.04
 10   7 -0.01
 10   8 0.01
 10   9 0.01
 10  10 0.06
 11   1 0.07
 11   2 0.01
 11   3 -0.05
 11   4 0.05
 11   5 -0.00
 11   6 0.05
 11   7 0.59
 11   8 0.10
 11   9 0.04
 11  10 0.01
 12   1 0.05
 12   2 0.01
 12   3 0.01
 12   4 -0.01
 12   5 0.15
 12   6 0.04
 12   7 -0.02
 12   8 -0.02
 12   9 -0.03
 12  10 0.03
 13   1 0.08
 13   2 0.00
 13   3 -0.01
 13   4 0.04
 13   5 -0.02
 13   6 0.05
 13   7 -0.05
 13   8 -0.05
 13   9 0.01
 13  10 0.05
 14   1 0.05
 14   2 0.08
 14   3 0.12
 14   4 0.06
 14   5 0.07
 14   6 -0.01
 14   7 0.07
 14   8 -0.04
 14   9 -0.06
 14  10 0.04
 15   1 0.08
 15   2 0.01
 15   3 0.10
 15   4 -0.14
 15   5 0.05
 15   6 -0.01
 15   7 0.08
 15   8 0.04
 15   9 0.04
 15  10 0.00
 16   1 0.02
 16   2 0.03
 16   3 -0.05
 16   4 0.47
 16   5 -0.09
 16   6 -0.03
 16   7 -0.09
 16   8 0.08
 16   9 0.31
 16  10 0.44
 17   1 0.02
 17   2 0.36
 17   3 0.14
 17   4 -0.11
 17   5 -0.09
 17   6 -0.08
 17   7 -0.08
 17   8 0.04
 17   9 0.07
 17  10 0.03
 18   1 -0.01
 18   2 -0.04
 18   3 -0.08
 18   4 0.11
 18   5 -0.11
 18   6 -0.01
 18   7 0.03
 18   8 0.02
 18   9 -0.05
 18  10 -0.07
 19   1 0.00
 19   2 -0.02
 19   3 0.04
 19   4 0.03
 19   5 0.01
 19   6 0.19
 19   7 0.03
 19   8 0.07
 19   9 0.44
 19  10 -0.13
 20   1 0.01
 20   2 0.01
 20   3 0.04
 20   4 -0.10
 20   5 -0.02
 20   6 -0.01
 20   7 -0.03
 20   8 0.03
 20   9 0.13
 20  10 0.04
 21   1 0.01
 21   2 -0.03
 21   3 0.01
 21   4 0.08
 21   5 -0.04
 21   6 0.08
 21   7 0.01
 21   8 0.03
 21   9 -0.02
 21  10 0.05
 22   1 0.00
 22   2 0.07
 22   3 -0.00
 22   4 -0.02
 22   5 0.16
 22   6 -0.00
 22   7 0.02
 22   8 0.08
 22   9 0.05
 22  10 0.05
 23   1 0.03
 23   2 -0.06
 23   3 -0.01
 23   4 -0.07
 23   5 0.23
 23   6 -0.10
 23   7 -0.06
 23   8 -0.06
 23   9 -0.01
 23  10 -0.10
 24   1 0.11
 24   2 0.14
 24   3 -0.02
 24   4 0.02
 24   5 0.04
 24   6 -0.00
 24   7 -0.01
 24   8 0.08
 24   9 0.05
 24  10 0.04
 25   1 0.01
 25   2 -0.10
 25   3 -0.03
 25   4 0.24
 25   5 0.07
 25   6 0.02
 25   7 0.02
 25   8 -0.02
 25   9 -0.10
 25  10 -0.09
